STELLENREGISTER.

Petronius 2. 71 ρ. 844 677 Plautus
Phaedrus 1, 22 (24),2 212 Aulularia
26, 46 627 Π, 1, 33 242
111, 12,2 222. 224 ’ 44 2221.

66 3726741190 2, 67 248
IV, 2(2),2 222. 222 4,2 222
26,18 ’110 ΠΙ, 1, 6 436. 600
Plautus 2, 111. 199
Amphitruo, Lficke 273 4, 12 2811.
prol. 99 P. 222 12 222
6211. P. 221. 229 22 259
7311. 911. Ρ. 232 Ν, 9ι P.394
103 P. 92 2,14 P. 5401.
1, 1, 22 (176)11. P. 383 10,19 “· 210
122 (212) 221 22 422
λ 222 (224) 422 “ 21 422
2, 22 (222) 212 , 21211214 412
v 11,1‚ 4(554) 222 Bacchides, Fragmente 242. 322
21 (221) Ρ. 422 Vera 1 2221.
21 (222) 222 211. 2221.
24 (221) 222 211. 2211. ι
22 (222) 222 2 222
2, 122 (222) 222 1211. 222 ff.
212 (242) 222 14 ff. 222 1.
111, 2, 22 (222) 422 12 2221. 2221. 222
64 (946) 432. ’114 20 333 f.
9, 12 (222) 421 2111. 22111. 22211.
lv, 1, 3(1011) 422 2211. 2222,
2, 12 (1242) 221 22 - 242
Asinaria ⁶ 30. 321. 339 ff.
(1121211. P. 222. 24 , 222
11 222. 12222 1, 1, 1-22 (22-122)
16 Ρ. 233 294-300
1, 1, 22 (22) 222. 22211. 14 (42) 222. 222
’ 78. 80 (01. 93) ff. P. 541 31 (23) 207. P. 419
’ 11, 1, 2222) 442 22 (1221. 2222222422
, 2, 21 (222) 422. 222 π 2, 22 (122) 1. Ρ. 422 ἢ
22 (222) P. 242 11, 1, 2( 242
111, 9, 22 (222) 212 , 214
22 (222) , 241 2,14(242) 222
IV, 1, 12 (224) 222 42 (222) 242. 242 -
V, 2, 12 (222) 422. 424 f. 22 (222) 212
22 (212) . 242 22 (221) 424 ,
Aulularia, 1111211211 283. Ρ. 142 ’14 (308) 1242224111
prol. 22 222 22 (222) 424
,1, 1, 22 . 242 111,1‚ 4(221) 12252
11, 1, 2211. 122 2, 2222) 4221.

51*

 

