STELLENREGISTER.

Plautus
0331443, arg. metr. 4

Plautus
4434. Epidicus

Cistellaria, Lficken u. Fragmenta
244. 433. P. 44444.
1, 1, 2. 41. 43. 433444 434
4, 3-43 P. 434
3, 28 547
35 418
42 ff. Ρ. 937
44 4, 44 434
491. P. 191
49 546
lV, 2, 32 f. 240
61 656
79 686
Curculio
I‚2‚ 13. 35(109. 126) 247
44, 4, 44. 43 f. (4444 4444.)
274ff
424 ff.
424
515. 587
52513.
685
= 385
444. 44344433) P.207
43(444) 334
Ρ. 381 s.
2444.
524ff.
084
Epidi0u438

1, 1, 34 3434.

40 4434 q
44 4344433

33 ff. - 443

4, 43 334 f.

24 440

40 344

44, 4, 44 . 434
88 Ρ. 392

. 33 44. 240
111, 1, 43 4. , 434
4, 3 343

3, 34 434

4, 43 ff. 251
’334 443

111, 4, 33 334
IV, 4, 43 443
333

434
424
422
440. 451
599
610
200
444

443

3344 434
3’44 3334 Ρ. 344
3334 333 ,

443 ,

, 333
43 '444
33 (333 3444
33 (344) 3334.
434 (334) 443434
433 (333) . 434
3,43(344)4·. 4434. 434
444.(343) ⁴ 443

. 440
Ρ. 341

99098)
38(941)
3, 43 (33344. 444
3(.334.) 344
7, 9. 613 (999. 0241002)
444
44 (1000) 444
3, 33334) 433
3, 43 (43334. 33344343. “
343. 333ι
34 (1000) 444
,43 (4433) 434
33 (4444) 343. 334
33 (4433) (333
arg. metr. 2. 3 4144.
Mercator, Lsscken 24⁷
pr01‚=l‚ l, 1-18 Ρ. 15 ff.

 

