802 9199199999191119.

5591969901160 456 Nonius p. 149, 8 ’ Ρ. 17011.
881 453. 459 150, 12 Ρ. 393

11, 911 991 191, 11. Ρ.91

1186. 1252 550 152, 26 Ρ. 133

V, 295 480. 517 157,10 Ρ.28

571 453. 459 159, 18 621

991. 911 919 199, 9 Ρ.91.1119.

947 4341. 182, 31 439

11, 999 999 199, 19 199

999 999. 99911. 199, 19 911

Macrobius 691. 1, 11, 5 P. XXIII. 198, 31 617
XXVI 999, 11 9119

11,11.15(111,13,11. 999, 1 P. 1710.

19, 1 1911.) Ρ.29[. 210, 25 P. 131,

Vl, 1, 91. 9, 15. Ρ.99. 999, 19 Ρ. 155

9,11 991 ff. 999, 5 9199

, 1, 19 199 991, 99 1191.
1591111999 Victorinus 227, 15 617
1111611111,19,1 Ρ.9 1999, 19 199

111, 03, 1 999 999, 99 199
Menander, Δί( ἐξαπατῶν 342. Ρ.407 231, 13 P. 100
Naevius eom. v. 99 (Ribbeck) Ρ. 99 ’ 919, 30 5051.

99 999 999, 91 , 199

199 Ρ. 99 991,1ο 991
Epitaphium P. 43 280, 5 5121.
Nonius p. 1, 26 656 306, 28 487
199 Ρ. 191 ⁷ 91919 191
9, 10 272 333, 31 321
9,18 P.179 334, 6 Ρ. 1681.
11, 19 . 999 919, 11 199
9ο, 91 999 911, 11. 919
99, 11 9199 115, 91 1991.
19, 1 Ρ. 131 191, 19 9911.
1ω9 m mm ΡΜ
19, 11 P.170 119, 91 1199
102, 7 ,329 468, 30 Ρ. 551
199, 99 Ρ. 199 111, 99 99111. 9191.
108, 7 Ρ. 142 486, 31
11 Ρ. 1700. 500, 1
109, 22 656 510, 27
199, 19 Ρ. 191 911, 9 Ρ. 119
127, 31 498 545, 20 Ρ. 101
199, 9 Ρ. 197 551, 0 9199
191, 99. 99 Ρ.119.1991. 119111119119119191) 055
139, 31 218 Pacuvius v. 244. 422 (Ribbeck) 490
146,18 688 340 ’ 621
147, 27 Ρ. 155 Petronius 041 p.46,l(B1'icheler) 610

 

