810 ,2121121221111112

Plautus Plautus
Trinummus Trinummus
‘ 11,1,2(221) Ρ. 111 111, 2,21-1ο(111-11ο)
5 (185) 555 P. 512 (1.
(11151)ff. 585 55 ..(112) f. 115
11(211)1 Ρ. 121 12 (122) ff. Ρ. 12111.
,21(211) P. 121 12 (122) 112
· 212 (221111. Ρ.1221211. 21 (211) Ρ. 121
12(.222) < 122 1111, 1-221222-211)
2(121111) Ρ.12211. ”
21(211) 1221.
11222) 212
(1222) Ρ. 121
12(212) Ρ. 111
12212) Ρ. 122
11ffl' ΒΜ.
.15(550 P. 122
21211 Ρ. 121
0 (511) P. 121 s. 115 (211)
2,1 (222) Ρ. 122 111 (212) .
4,.1(122)1 Ρ. 1111. 122 (211) 112111
11 (112) Ρ.1122. ,112 (222) Ρ.212
12(12ο) Ρ. 122 2, 21 (1222) 11. Ρ. 2111212
22(121) 1121112111) 111
,22(121)11ο1.121.122 ,1.(1221)11 Ρ. 11211,
2212( 1121211122).12-22(111211.)Ρ.111
2) 112. 515 V, 2, 2(1121) Ρ. 112
P. 212 1121) 211112
,111 1122 122

18141
81411
1
1222 (
1
1

31
)112111112129 11..Ρ111)1.
(1111) 1 Ρ 111

114 4.5)f P. 340 343. arg. 1122121 411
345. 349 Τ11121112111112

’ 141 ff.P.539s.344ff

51
515
542
54
1515

12152
111, 2, ,11ιὲ1

1)
)
1) Ρ.122
11)
)

12 1111. 1, 1, 12 112
95) P.521f. 45 ff. 5851.
21)1. 110 1, 5 112
112) P. 555 11, 2, 22 121
12(1 11) 121 1, 22 1. 111
1ο-11(121-121) Ρ.122 11 554 1. 111
1111. 1211. (1221) 11 110
P. 1222. 1, 21, 112
12(.121)11 Ρ 221 22
2211(1ο2).Ρ.122)1. 11
8 10 (112)1. Ρ. 111, 1,12
15 (155) 550 Ρ. 555 121211
11-55 (111-112), lv, 1, 5
P. 1112. 12 ’

 

